x
-3.43424e-05
  0.00022157
    -1.01279
     3.36764
    -2.00775
    -2.57039
     13.0496
    -6.26096
    -4.40497
     14.3635
    -22.1502
    -2.92957
     13.9577
    -25.2036
    -1.19881
     16.5178
    -25.3626
    -1.76277
     21.3016
    -38.4701
    -2.86825
     21.5531
    -43.7505
    -3.76807
     23.2778
    -44.9926
    -4.43734
     32.8692
    -39.3844
    -2.56252
     29.8577
    -40.3043
    -1.52223
     28.6128
    -37.7461
     -1.2685
     21.5235
    -24.7165
   -0.175443
     20.0163
    -23.8054
    -1.62783
     20.6377
    -22.7747
    -1.20958
      22.105
    -21.1641
    -3.50476
     26.2509
    -19.6664
     -3.8882
      26.989
    -14.7359
    -2.12704
     28.8083
    -13.9752
   -0.216408
     23.5338
    -14.1017
    0.735311
     10.5395
    -10.7284
   -0.184493
     10.7839
    -15.3427
     0.39307
     9.31623
    -27.2722
    0.807915
     4.43869
    -39.0683
    -6.30485
   -0.281898
    -58.0168
    -6.39009
     15.8353
    -9.37641
     11.7538
    -23.7429
     17.9899
    -36.3996
     28.9262
    -18.6619
     21.3522
    -23.2602
     27.8427
    -37.6122
x_pred
         0
         0
         0
   1.89091
  0.945455
  0.468429
   3.96461
   3.32432
   0.66091
   7.70659
   3.17797
  0.708246
   8.90224
   3.06795
  0.445418
     12.68
   2.86155
  0.111737
   17.9678
   2.39362
 -0.255499
   19.3538
   1.87904
 -0.300463
    19.825
   2.09797
-0.0689307
   19.0443
    5.6045
  0.463124
   16.4545
   6.81385
  0.988196
   14.0081
   8.18805
   1.45545
   11.2986
   7.22699
   2.47054
   10.4764
   7.50812
   2.87777
   9.53759
   7.82156
   3.54624
   9.09994
   8.28817
   2.92596
   8.92834
   9.18235
   2.38291
   7.10283
   9.39708
   2.88355
   6.16593
   9.70387
   2.66379
   5.08544
   7.38601
   3.45239
   3.88173
   4.87883
   4.14756
   4.64705
   4.40704
   5.03931
   7.13119
   2.84723
   5.65349
   9.23067
   1.84208
 -0.401454
   12.0465
  0.646754
 -0.486698
pred_error: 14.943
error
15.6377
