range: 4.12311
range: 3.16228
range: 5
b: 
       0
       0
       0
 1.10715
 2.23607
 1.89285
 4.12311
-2.75502
 3.16228
-2.67825
       5
 -2.3565
hello
sigma
4
1
Range: 4.12311
sigma
3
1
Range: 3.16228
sigma
4
3
Range: 5
A: 
         1          0          0          0          0          0          0          0          0          0          0          0
         0          1          0          0          0          0          0          0          0          0          0          0
         0          0          1          0          0          0          0          0          0          0          0          0
       0.4       -0.2         -1       -0.4        0.2          0          0          0          0          0          0          0
 -0.447214  -0.894427          0   0.447214   0.894427          0          0          0          0          0          0          0
      -0.4        0.2          0        0.4       -0.2          1          0          0          0          0          0          0
         0          0          0  -0.970142  -0.242536          0   0.970142   0.242536          0          0          0          0
         0          0          0  0.0588235  -0.235294         -1 -0.0588235   0.235294          0          0          0          0
         0          0          0  -0.948683  -0.316228          0          0          0   0.948683   0.316228          0          0
         0          0          0        0.1       -0.3         -1          0          0       -0.1        0.3          0          0
         0          0          0       -0.8       -0.6          0          0          0          0          0        0.8        0.6
         0          0          0       0.12      -0.16         -1          0          0          0          0      -0.12       0.16
