range: 4
b: 
      0
      0
      0
1.10715
2.23607
1.89285
      4
     -3
theta_pred
0
3
A: 
        1         0         0         0         0         0         0         0
        0         1         0         0         0         0         0         0
        0         0         1         0         0         0         0         0
      0.4      -0.2        -1      -0.4       0.2         0         0         0
-0.447214 -0.894427         0  0.447214  0.894427         0         0         0
     -0.4       0.2         0       0.4      -0.2         1         0         0
        0         0         0        -1        -0         0         1         0
        0         0         0         0     -0.25        -1        -0      0.25
x
-2.95191e-07
-2.19706e-07
 8.51908e-08
     -1.2143
     3.10715
           3
      2.7857
     3.10715
x_pred
0
0
0
1
2
3
